二等奖:Tiger 001    623021198008141589    138 8208 9038    
二等奖:Tiger 001    623021198008141589    138 8208 9038    
二等奖:Tiger 001    623021198008141589    138 8208 9038    
二等奖:Tiger 001    623021198008141589    138 8208 9038    
一等奖:Tiger 001    623021198008141589    138 8208 9038    
一等奖:Tiger 002    623021198008141589    139 8208 9038    
特等奖:Tiger 003    623021198008141589    140 8208 9038    
特等奖:Tiger 004    623021198008141589    141 8208 9038    

二等奖:Tiger 001    623021198008141589    138 8208 9038    
一等奖:Tiger 002    623021198008141589    139 8208 9038    
